1T	0.6	0.4	0.2	0.4	-0.1	-0.2	-0.3
1S	0.6	0.4	0.2	0.4	-0.1	-0.2	-0.3
1Lo	0.6	0.4	0.2	0.5	-0.1	-0.2	-0.3
1F	0.6	0.4	0.2	0.5	-0.1	-0.2	-0.3
1Lz	0.6	0.4	0.2	0.6	-0.1	-0.2	-0.3
1A	0.6	0.4	0.2	1.1	-0.2	-0.4	-0.6
2T	0.6	0.4	0.2	1.3	-0.2	-0.4	-0.6
2S	0.6	0.4	0.2	1.3	-0.2	-0.4	-0.6
2Lo	0.9	0.6	0.3	1.8	-0.3	-0.6	-0.9
2F	0.9	0.6	0.3	1.8	-0.3	-0.6	-0.9
2Lz	0.9	0.6	0.3	2.1	-0.3	-0.6	-0.9
2A	1.5	1	0.5	3.3	-0.5	-1	-1.5
3T	2.1	1.4	0.7	4.1	-0.7	-1.4	-2.1
3S	2.1	1.4	0.7	4.2	-0.7	-1.4	-2.1
3Lo	2.1	1.4	0.7	5.1	-0.7	-1.4	-2.1
3F	2.1	1.4	0.7	5.3	-0.7	-1.4	-2.1
3Lz	2.1	1.4	0.7	6	-0.7	-1.4	-2.1
3A	3	2	1	8.5	-1	-2	-3
4T	3	2	1	10.3	-1	-2	-3
4S	3	2	1	10.5	-1	-2	-3
4Lo	3	2	1	12	-1	-2	-3
4F	3	2	1	12.3	-1	-2	-3
4Lz	3	2	1	13.6	-1	-2	-3
4A	3.6	2.4	1.2	15	-1.2	-2.4	-3.6
USpB	1.5	1	0.5	1	-0.3	-0.6	-0.9
USp1	1.5	1	0.5	1.2	-0.3	-0.6	-0.9
USp2	1.5	1	0.5	1.5	-0.3	-0.6	-0.9
USp3	1.5	1	0.5	1.9	-0.3	-0.6	-0.9
USp4	1.5	1	0.5	2.4	-0.3	-0.6	-0.9
LSpB	1.5	1	0.5	1.2	-0.3	-0.6	-0.9
LSp1	1.5	1	0.5	1.5	-0.3	-0.6	-0.9
LSp2	1.5	1	0.5	1.9	-0.3	-0.6	-0.9
LSp3	1.5	1	0.5	2.4	-0.3	-0.6	-0.9
LSp4	1.5	1	0.5	2.7	-0.3	-0.6	-0.9
CSpB	1.5	1	0.5	1.1	-0.3	-0.6	-0.9
CSp1	1.5	1	0.5	1.4	-0.3	-0.6	-0.9
CSp2	1.5	1	0.5	1.8	-0.3	-0.6	-0.9
CSp3	1.5	1	0.5	2.3	-0.3	-0.6	-0.9
CSp4	1.5	1	0.5	2.6	-0.3	-0.6	-0.9
SSpB	1.5	1	0.5	1.1	-0.3	-0.6	-0.9
SSp1	1.5	1	0.5	1.3	-0.3	-0.6	-0.9
SSp2	1.5	1	0.5	1.6	-0.3	-0.6	-0.9
SSp3	1.5	1	0.5	2.1	-0.3	-0.6	-0.9
SSp4	1.5	1	0.5	2.5	-0.3	-0.6	-0.9
CUSpB	1.5	1	0.5	1.5	-0.3	-0.6	-0.9
CUSp1	1.5	1	0.5	1.7	-0.3	-0.6	-0.9
CUSp2	1.5	1	0.5	2	-0.3	-0.6	-0.9
CUSp3	1.5	1	0.5	2.4	-0.3	-0.6	-0.9
CUSp4	1.5	1	0.5	2.9	-0.3	-0.6	-0.9
CLSpB	1.5	1	0.5	1.7	-0.3	-0.6	-0.9
CLSp1	1.5	1	0.5	2	-0.3	-0.6	-0.9
CLSp2	1.5	1	0.5	2.4	-0.3	-0.6	-0.9
CLSp3	1.5	1	0.5	2.9	-0.3	-0.6	-0.9
CLSp4	1.5	1	0.5	3.2	-0.3	-0.6	-0.9
CCSpB	1.5	1	0.5	1.7	-0.3	-0.6	-0.9
CCSp1	1.5	1	0.5	2	-0.3	-0.6	-0.9
CCSp2	1.5	1	0.5	2.3	-0.3	-0.6	-0.9
CCSp3	1.5	1	0.5	2.8	-0.3	-0.6	-0.9
CCSp4	1.5	1	0.5	3.2	-0.3	-0.6	-0.9
CSSpB	1.5	1	0.5	1.6	-0.3	-0.6	-0.9
CSSp1	1.5	1	0.5	1.9	-0.3	-0.6	-0.9
CSSp2	1.5	1	0.5	2.3	-0.3	-0.6	-0.9
CSSp3	1.5	1	0.5	2.6	-0.3	-0.6	-0.9
CSSp4	1.5	1	0.5	3	-0.3	-0.6	-0.9
CoSpB	1.5	1	0.5	1.5	-0.3	-0.6	-0.9
CoSp1	1.5	1	0.5	1.7	-0.3	-0.6	-0.9
CoSp2	1.5	1	0.5	2	-0.3	-0.6	-0.9
CoSp3	1.5	1	0.5	2.5	-0.3	-0.6	-0.9
CoSp4	1.5	1	0.5	3	-0.3	-0.6	-0.9
CCoSpB	1.5	1	0.5	1.7	-0.3	-0.6	-0.9
CCoSp1	1.5	1	0.5	2	-0.3	-0.6	-0.9
CCoSp2	1.5	1	0.5	2.5	-0.3	-0.6	-0.9
CCoSp3	1.5	1	0.5	3	-0.3	-0.6	-0.9
CCoSp4	1.5	1	0.5	3.5	-0.3	-0.6	-0.9
FUSpB	1.5	1	0.5	1.5	-0.3	-0.6	-0.9
FUSp1	1.5	1	0.5	1.7	-0.3	-0.6	-0.9
FUSp2	1.5	1	0.5	2	-0.3	-0.6	-0.9
FUSp3	1.5	1	0.5	2.4	-0.3	-0.6	-0.9
FUSp4	1.5	1	0.5	2.9	-0.3	-0.6	-0.9
FLSpB	1.5	1	0.5	1.7	-0.3	-0.6	-0.9
FLSp1	1.5	1	0.5	2	-0.3	-0.6	-0.9
FLSp2	1.5	1	0.5	2.4	-0.3	-0.6	-0.9
FLSp3	1.5	1	0.5	2.9	-0.3	-0.6	-0.9
FLSp4	1.5	1	0.5	3.2	-0.3	-0.6	-0.9
FCSpB	1.5	1	0.5	1.6	-0.3	-0.6	-0.9
FCSp1	1.5	1	0.5	1.9	-0.3	-0.6	-0.9
FCSp2	1.5	1	0.5	2.3	-0.3	-0.6	-0.9
FCSp3	1.5	1	0.5	2.8	-0.3	-0.6	-0.9
FCSp4	1.5	1	0.5	3.2	-0.3	-0.6	-0.9
FSSpB	1.5	1	0.5	1.7	-0.3	-0.6	-0.9
FSSp1	1.5	1	0.5	2	-0.3	-0.6	-0.9
FSSp2	1.5	1	0.5	2.3	-0.3	-0.6	-0.9
FSSp3	1.5	1	0.5	2.6	-0.3	-0.6	-0.9
FSSp4	1.5	1	0.5	3	-0.3	-0.6	-0.9
FCUSpB	1.5	1	0.5	1.5	-0.3	-0.6	-0.9
FCUSp1	1.5	1	0.5	1.7	-0.3	-0.6	-0.9
FCUSp2	1.5	1	0.5	2	-0.3	-0.6	-0.9
FCUSp3	1.5	1	0.5	2.4	-0.3	-0.6	-0.9
FCUSp4	1.5	1	0.5	2.9	-0.3	-0.6	-0.9
FCLSpB	1.5	1	0.5	1.7	-0.3	-0.6	-0.9
FCLSp1	1.5	1	0.5	2	-0.3	-0.6	-0.9
FCLSp2	1.5	1	0.5	2.4	-0.3	-0.6	-0.9
FCLSp3	1.5	1	0.5	2.9	-0.3	-0.6	-0.9
FCLSp4	1.5	1	0.5	3.2	-0.3	-0.6	-0.9
FCCSpB	1.5	1	0.5	1.7	-0.3	-0.6	-0.9
FCCSp1	1.5	1	0.5	2	-0.3	-0.6	-0.9
FCCSp2	1.5	1	0.5	2.3	-0.3	-0.6	-0.9
FCCSp3	1.5	1	0.5	2.8	-0.3	-0.6	-0.9
FCCSp4	1.5	1	0.5	3.2	-0.3	-0.6	-0.9
FCSSpB	1.5	1	0.5	1.6	-0.3	-0.6	-0.9
FCSSp1	1.5	1	0.5	1.9	-0.3	-0.6	-0.9
FCSSp2	1.5	1	0.5	2.3	-0.3	-0.6	-0.9
FCSSp3	1.5	1	0.5	2.6	-0.3	-0.6	-0.9
FCSSp4	1.5	1	0.5	3	-0.3	-0.6	-0.9
FCoSpB	1.5	1	0.5	1.5	-0.3	-0.6	-0.9
FCoSp1	1.5	1	0.5	1.7	-0.3	-0.6	-0.9
FCoSp2	1.5	1	0.5	2	-0.3	-0.6	-0.9
FCoSp3	1.5	1	0.5	2.5	-0.3	-0.6	-0.9
FCoSp4	1.5	1	0.5	3	-0.3	-0.6	-0.9
FCCoSpB	1.5	1	0.5	1.7	-0.3	-0.6	-0.9
FCCoSp1	1.5	1	0.5	2	-0.3	-0.6	-0.9
FCCoSp2	1.5	1	0.5	2.5	-0.3	-0.6	-0.9
FCCoSp3	1.5	1	0.5	3	-0.3	-0.6	-0.9
FCCoSp4	1.5	1	0.5	3.5	-0.3	-0.6	-0.9
StSqB	1.5	1	0.5	1.5	-0.3	-0.6	-0.9
StSq1	1.5	1	0.5	1.8	-0.3	-0.6	-0.9
StSq2	1.5	1	0.5	2.6	-0.5	-1	-1.5
StSq3	1.5	1	0.5	3.3	-0.7	-1.4	-2.1
StSq4	2.1	1.4	0.7	3.9	-0.7	-1.4	-2.1
ChSq	2.1	1.4	0.7	2	-0.5	-1	-1.5